<!DOCTYPE html>
<html lang="en-GB">
<head>
<meta charset="UTF-8">
<meta name="viewport" content="width=device-width, initial-scale=1.0">
<title>Travel reach explorer</title>
<!--
====================================================================
EMBEDDABLE MAP — TRAVEL REACH EXPLORER (interactive)
====================================================================
v2.0 — Mile/minute mode toggle on the slider
       - Defaults to minutes (1–12h round-trip, default 6h) — unchanged
       - Toggle to miles: 50–700mi round-trip, default 350mi
       - 700mi cap matches the longest single trip in the actual split
         (Braintree↔Truro 694mi). Same teaching dynamic as the 12h cap.
       - Tooltip shows both miles and time regardless of mode.
       - MILES matrix added inline (Google data).
v1.0 — Interactive embed that lets the reader pick any club and see
       who they can reach within a given round-trip drive time.
       Replaces the static Minimax embed with something exploratory.

DESIGN
- Title strip = live readout of current selection (Carbona 900 numbers)
- Map = all 48 clubs; selected = red dot, reachable = navy, out-of-range = grey
- Slider strip = 0.5h-increment range slider, 1h to 12h round-trip
- Explainer strip = static, explains the experiment + why a hard cap fails

INTERACTION
- Before first interaction: clubs pulse one-at-a-time in random sequence,
  title strip shows a prompt
- Tap any dot: that club becomes "selected", title strip updates to live
  reachability count, map recolours
- Drag slider: live recount, map recolours, no club deselected
====================================================================
-->
<link rel="stylesheet" href="https://unpkg.com/leaflet@1.9.4/dist/leaflet.css" />
<script src="https://unpkg.com/leaflet@1.9.4/dist/leaflet.js"></script>
<style>
  @font-face {
    font-family: "carbona-variable";
    src: url("https://use.typekit.net/af/184cf2/0000000000000000774c3175/31/l?primer=7cdcb44be4a7db8877ffa5c0007b8dd865b3bbc383831fe2ea177f62257a9191&fvd=n4&v=3") format("woff2"),
         url("https://use.typekit.net/af/184cf2/0000000000000000774c3175/31/d?primer=7cdcb44be4a7db8877ffa5c0007b8dd865b3bbc383831fe2ea177f62257a9191&fvd=n4&v=3") format("woff");
    font-display: swap;
    font-style: normal;
    font-weight: 200 900;
  }
  :root {
    --primary: #9e0000;
    --navy: #223b7c;
    --amber: #c96f15;
    --amber-light: #fef6ec;
    --white: #ffffff;
    --off-white: #f4f6f9;
    --text: #1a2a44;
    --text-muted: #5a6a82;
    --border: #dde3ed;
    --grey-dim: #c8cdd6;
    --font: 'carbona-variable','carbona',sans-serif;
  }
  * { box-sizing: border-box; margin: 0; padding: 0; }
  html, body { height: 100%; }
  body {
    font-family: var(--font);
    background: var(--off-white);
    color: var(--text);
    font-size: 14px;
    line-height: 1.4;
    -webkit-font-smoothing: antialiased;
    overflow: hidden;
  }
  .embed {
    display: grid;
    grid-template-rows: auto 1fr auto auto;
    height: 100vh;
    width: 100vw;
  }
  .title-strip {
    background: var(--white);
    border-bottom: 1px solid var(--border);
    padding: 14px 16px;
    min-height: 64px;
    display: flex;
    align-items: center;
    gap: 14px;
    flex-wrap: nowrap;
    overflow: hidden;
  }
  .title-strip.prompt {
    /* Initial state — single prompt line */
    justify-content: flex-start;
  }
  .title-strip .prompt-text {
    font-size: 16px;
    font-weight: 600;
    font-variation-settings: 'wght' 600;
    color: var(--text-muted);
  }
  .title-strip .prompt-text strong {
    color: var(--text);
    font-weight: 800;
    font-variation-settings: 'wght' 800;
  }
  .title-strip .club-name {
    font-size: 16px;
    font-weight: 800;
    font-variation-settings: 'wght' 800;
    color: var(--primary);
    text-transform: uppercase;
    letter-spacing: 0.5px;
    flex-shrink: 1;
    min-width: 0;
    overflow: hidden;
    text-overflow: ellipsis;
    white-space: nowrap;
  }
  .title-strip .verb {
    font-size: 14px;
    font-weight: 600;
    font-variation-settings: 'wght' 600;
    color: var(--text-muted);
    flex-shrink: 0;
    white-space: nowrap;
  }
  .title-strip .count {
    font-size: 28px;
    font-weight: 900;
    font-variation-settings: 'wght' 900;
    color: var(--text);
    line-height: 1;
    flex-shrink: 0;
    font-variant-numeric: tabular-nums;
    /* fixed minimum width so the layout doesn't reflow when number goes 1->47 */
    min-width: 2ch;
    text-align: right;
  }
  .title-strip .of {
    font-size: 13px;
    font-weight: 600;
    font-variation-settings: 'wght' 600;
    color: var(--text-muted);
    flex-shrink: 0;
    white-space: nowrap;
  }
  .title-strip .within {
    font-size: 13px;
    font-weight: 600;
    font-variation-settings: 'wght' 600;
    color: var(--text-muted);
    line-height: 1.3;
    flex-shrink: 0;
    font-variant-numeric: tabular-nums;
    /* fixed width to fit "within 11h 30m round-trip drive" without reflowing for "within 6h" */
    min-width: 9.5em;
    white-space: nowrap;
  }

  /* Mobile: stack title strip into two rows.
     Row 1: CLUB NAME full width
     Row 2: "can reach 6 of 47 within Xh round-trip drive" */
  @media (max-width: 520px) {
    .title-strip {
      flex-wrap: wrap;
      row-gap: 4px;
      column-gap: 8px;
      padding: 12px 14px;
      min-height: 0;
    }
    .title-strip .club-name {
      flex-basis: 100%;
      font-size: 14px;
      letter-spacing: 0.4px;
    }
    .title-strip .verb {
      font-size: 13px;
    }
    .title-strip .count {
      font-size: 22px;
    }
    .title-strip .of {
      font-size: 12px;
    }
    .title-strip .within {
      font-size: 12px;
      min-width: 0;
      white-space: normal;
      line-height: 1.2;
    }
    /* Hide the explicit <br> in the within span on mobile so the line wraps naturally */
    .title-strip .within br {
      display: none;
    }
  }
  #map {
    width: 100%;
    height: 100%;
    background: var(--off-white);
  }
  .slider-strip {
    background: var(--white);
    border-top: 1px solid var(--border);
    padding: 14px 16px;
    display: flex;
    align-items: center;
    gap: 14px;
  }
  .slider-strip .slider-label {
    font-size: 10px;
    font-weight: 800;
    font-variation-settings: 'wght' 800;
    text-transform: uppercase;
    letter-spacing: 0.8px;
    color: var(--text-muted);
    flex-shrink: 0;
    line-height: 1.2;
  }
  .slider-strip .slider-wrap {
    flex: 1;
    display: flex;
    align-items: center;
  }
  .slider-strip input[type="range"] {
    flex: 1;
    height: 8px;
    -webkit-appearance: none;
    appearance: none;
    background: var(--border);
    border-radius: 4px;
    outline: none;
  }
  .slider-strip input[type="range"]::-webkit-slider-thumb {
    -webkit-appearance: none;
    appearance: none;
    width: 22px;
    height: 22px;
    border-radius: 50%;
    background: var(--primary);
    cursor: grab;
    border: 3px solid var(--white);
    box-shadow: 0 2px 6px rgba(10, 22, 40, 0.25);
  }
  .slider-strip input[type="range"]::-webkit-slider-thumb:active { cursor: grabbing; }
  .slider-strip input[type="range"]::-moz-range-thumb {
    width: 22px;
    height: 22px;
    border-radius: 50%;
    background: var(--primary);
    cursor: grab;
    border: 3px solid var(--white);
    box-shadow: 0 2px 6px rgba(10, 22, 40, 0.25);
  }
  .slider-strip .slider-value {
    font-size: 18px;
    font-weight: 900;
    font-variation-settings: 'wght' 900;
    color: var(--text);
    min-width: 60px;
    text-align: right;
    flex-shrink: 0;
  }
  .slider-strip .mode-toggle {
    display: flex;
    gap: 2px;
    flex-shrink: 0;
    margin-left: 10px;
    background: var(--off-white);
    border: 1px solid var(--border);
    border-radius: 4px;
    padding: 2px;
  }
  .slider-strip .mode-toggle button {
    background: transparent;
    border: none;
    color: var(--text-muted);
    font-family: var(--font);
    font-size: 10px;
    font-weight: 800; font-variation-settings: 'wght' 800;
    text-transform: uppercase;
    letter-spacing: 0.8px;
    padding: 4px 8px;
    border-radius: 3px;
    cursor: pointer;
    transition: background 0.12s, color 0.12s;
  }
  .slider-strip .mode-toggle button:hover { color: var(--text); }
  .slider-strip .mode-toggle button.active {
    background: var(--text);
    color: var(--white);
  }
  .explainer-strip {
    background: var(--amber-light);
    border-top: 1px solid var(--border);
    padding: 12px 16px 14px;
    font-size: 13px;
    line-height: 1.45;
    color: var(--text);
    font-weight: 500;
    font-variation-settings: 'wght' 500;
  }
  .explainer-strip strong {
    color: var(--primary);
    font-weight: 800;
    font-variation-settings: 'wght' 800;
  }
  .leaflet-tooltip {
    background: var(--white) !important;
    border: 1px solid var(--border) !important;
    color: var(--text) !important;
    font-family: var(--font) !important;
    font-size: 13px !important;
    font-weight: 600 !important;
    font-variation-settings: 'wght' 600 !important;
    border-radius: 6px !important;
    padding: 6px 10px !important;
    box-shadow: 0 2px 12px rgba(10, 22, 40, 0.10) !important;
  }
  .leaflet-tooltip strong { font-weight: 800; font-variation-settings: 'wght' 800; color: var(--text); }
  .leaflet-tooltip .trip {
    color: var(--text-muted);
    font-weight: 600;
    font-variation-settings: 'wght' 600;
    display: block;
    margin-top: 2px;
  }
  .leaflet-tooltip-top:before { border-top-color: var(--border) !important; }
  .leaflet-control-attribution { display: none !important; }
  .leaflet-control-zoom { display: none !important; }
</style>
</head>
<body>
<div class="embed">
  <div class="title-strip prompt" id="titleStrip">
    <span class="prompt-text"><strong>Tap any club on the map</strong> to see who they can reach in a day.</span>
  </div>
  <div id="map"></div>
  <div class="slider-strip">
    <span class="slider-label">Round-trip<br>cap</span>
    <div class="slider-wrap">
      <input type="range" id="slider" min="1" max="12" step="0.5" value="6">
    </div>
    <span class="slider-value" id="sliderValue">6h</span>
    <div class="mode-toggle" id="modeToggle">
      <button data-mode="min" class="active">MIN</button>
      <button data-mode="mi">MI</button>
    </div>
  </div>
  <div class="explainer-strip">
    A natural-sounding fix is to <strong>cap how long any single trip can take</strong>. Try it: tap Truro and drop the slider to a sensible limit — 6 hours round-trip, say, which is a three-hour drive each way. The map greys out. Push to 8 hours: still only 5 reachable. Truro can't fill a 24-club division until the cap reaches <strong>over 10 hours</strong> of round-trip driving — or, in miles, around <strong>600 miles round-trip</strong>. A hard cap isn't a method of planning a split — it's an impossibility. The geography is what the geography is.
  </div>
</div>

<script>
const CLUBS = [
  ["AFC Telford United", 52.6974, -2.5014],
  ["AFC Totton", 50.9342, -1.5099],
  ["Bedford Town", 52.1288, -0.4138],
  ["Billericay Town", 51.6218, 0.4033],
  ["Brackley Town", 52.0246, -1.1440],
  ["Braintree Town", 51.8753, 0.5730],
  ["Buxton", 53.2566, -1.9066],
  ["Chelmsford City", 51.7532, 0.4515],
  ["Chesham United", 51.6989, -0.6140],
  ["Chester", 53.1892, -2.9235],
  ["Chorley", 53.6456, -2.6292],
  ["Dagenham & Redbridge", 51.5478, 0.1599],
  ["Darlington", 54.5094, -1.5642],
  ["Dorking Wanderers", 51.2344, -0.3335],
  ["Dover Athletic", 51.1378, 1.2849],
  ["Ebbsfleet United", 51.4496, 0.3223],
  ["Farnborough", 51.3104, -0.7623],
  ["Farnham Town", 51.2115, -0.8063],
  ["Folkestone Invicta", 51.0865, 1.1595],
  ["Hampton & Richmond Borough", 51.4152, -0.3632],
  ["Harborough Town", 52.4648, -0.9186],
  ["Hebburn Town", 54.9686, -1.5240],
  ["Hednesford Town", 52.6976, -1.9888],
  ["Hemel Hempstead Town", 51.7539, -0.4444],
  ["Hereford", 52.0607, -2.7177],
  ["Horsham", 51.0469, -0.3407],
  ["King's Lynn Town", 52.7501, 0.4074],
  ["Macclesfield", 53.2428, -2.1271],
  ["Maidenhead United", 51.5199, -0.7180],
  ["Maidstone United", 51.2800, 0.5161],
  ["Marine", 53.4852, -3.0336],
  ["Merthyr Town", 51.7513, -3.3777],
  ["Morecambe", 54.0615, -2.8672],
  ["Oxford City", 51.7739, -1.2277],
  ["Radcliffe", 53.5676, -2.3407],
  ["Salisbury", 51.1043, -1.7857],
  ["Scarborough Athletic", 54.2689, -0.4135],
  ["Slough Town", 51.5199, -0.5883],
  ["South Shields", 54.9745, -1.4701],
  ["Southport", 53.6381, -2.9788],
  ["Spalding United", 52.7901, -0.1525],
  ["Spennymoor Town", 54.7045, -1.5992],
  ["Tonbridge Angels", 51.2115, 0.2691],
  ["Torquay United", 50.4764, -3.5238],
  ["Truro City", 50.2677, -5.1235],
  ["Walton & Hersham", 51.3991, -0.4097],
  ["Weston-super-Mare", 51.3307, -2.9561],
  ["Worksop Town", 53.3116, -1.1314],
];
const N = CLUBS.length;

const MINS = [[0, 185, 119, 179, 100, 176, 102, 188, 149, 74, 115, 188, 190, 179, 249, 187, 168, 178, 236, 164, 88, 225, 37, 133, 84, 198, 179, 89, 144, 205, 107, 142, 143, 116, 114, 173, 206, 148, 227, 125, 157, 209, 203, 211, 275, 170, 137, 110], [185, 0, 126, 133, 100, 144, 233, 141, 94, 249, 253, 131, 301, 89, 159, 116, 56, 54, 146, 74, 156, 337, 166, 94, 160, 90, 213, 225, 78, 115, 255, 167, 281, 84, 250, 36, 313, 83, 334, 262, 197, 321, 113, 161, 225, 80, 133, 217], [119, 126, 0, 84, 57, 81, 151, 92, 60, 181, 186, 94, 195, 95, 142, 92, 84, 94, 138, 79, 64, 230, 101, 40, 155, 114, 91, 159, 77, 106, 189, 193, 214, 80, 184, 135, 213, 69, 232, 195, 71, 214, 111, 255, 318, 85, 180, 111], [179, 133, 84, 0, 113, 44, 210, 29, 70, 243, 247, 37, 256, 73, 86, 35, 90, 90, 81, 84, 120, 292, 160, 58, 210, 79, 125, 218, 86, 49, 249, 220, 275, 97, 244, 141, 270, 78, 289, 256, 130, 276, 55, 264, 328, 83, 189, 169], [100, 100, 57, 113, 0, 124, 143, 122, 65, 163, 168, 123, 201, 94, 165, 121, 84, 94, 151, 79, 59, 236, 83, 71, 114, 114, 134, 142, 60, 121, 171, 151, 196, 31, 167, 103, 217, 63, 238, 178, 114, 220, 118, 207, 271, 85, 133, 121], [176, 144, 81, 44, 124, 0, 208, 26, 80, 241, 245, 62, 241, 102, 115, 65, 103, 113, 111, 98, 104, 276, 157, 68, 215, 108, 109, 216, 96, 79, 246, 231, 272, 108, 236, 154, 254, 87, 273, 254, 115, 260, 84, 273, 337, 104, 199, 154], [102, 233, 151, 210, 143, 208, 0, 220, 192, 85, 82, 220, 147, 227, 269, 218, 217, 227, 264, 212, 120, 183, 84, 165, 166, 247, 184, 28, 193, 232, 94, 203, 113, 164, 70, 232, 167, 196, 185, 100, 162, 166, 237, 269, 333, 218, 195, 74], [188, 141, 92, 29, 122, 26, 220, 0, 78, 252, 256, 50, 252, 85, 98, 47, 101, 102, 93, 97, 115, 287, 169, 66, 218, 91, 121, 227, 94, 61, 258, 228, 284, 105, 247, 152, 266, 86, 284, 265, 126, 271, 67, 272, 336, 95, 198, 165], [149, 94, 60, 70, 65, 80, 192, 78, 0, 213, 217, 78, 255, 62, 127, 76, 52, 62, 119, 47, 108, 291, 130, 22, 161, 82, 148, 189, 34, 88, 219, 178, 245, 48, 214, 102, 267, 30, 288, 227, 131, 275, 86, 219, 283, 53, 145, 170], [74, 249, 181, 243, 163, 241, 85, 252, 213, 0, 68, 253, 158, 243, 313, 251, 232, 242, 299, 228, 152, 193, 98, 197, 137, 262, 233, 68, 208, 269, 53, 189, 96, 180, 66, 240, 178, 212, 195, 72, 206, 177, 267, 278, 341, 234, 203, 128], [115, 253, 186, 247, 168, 245, 82, 256, 217, 68, 0, 257, 128, 247, 317, 255, 236, 246, 303, 232, 156, 164, 102, 201, 178, 266, 213, 65, 212, 273, 47, 216, 48, 184, 37, 244, 151, 216, 165, 47, 191, 140, 271, 282, 345, 238, 207, 112], [188, 131, 94, 37, 123, 62, 220, 50, 78, 253, 257, 0, 262, 71, 84, 33, 88, 88, 79, 82, 125, 297, 169, 65, 220, 77, 131, 228, 93, 47, 258, 230, 284, 107, 257, 139, 276, 85, 294, 266, 136, 281, 53, 256, 320, 81, 197, 175], [190, 301, 195, 256, 201, 241, 147, 252, 255, 158, 128, 262, 0, 282, 315, 264, 271, 281, 310, 267, 183, 49, 174, 228, 250, 301, 203, 150, 261, 278, 154, 288, 102, 232, 120, 304, 106, 264, 51, 157, 180, 33, 283, 354, 418, 273, 280, 104], [179, 89, 95, 73, 94, 102, 227, 85, 62, 243, 247, 71, 282, 0, 98, 54, 44, 45, 84, 38, 146, 317, 160, 61, 183, 26, 170, 219, 52, 54, 249, 190, 275, 78, 244, 95, 294, 50, 314, 256, 165, 301, 52, 213, 277, 37, 155, 204], [249, 159, 142, 86, 165, 115, 269, 98, 127, 313, 317, 84, 315, 98, 0, 61, 114, 114, 16, 107, 178, 350, 230, 115, 254, 103, 183, 289, 121, 49, 319, 260, 345, 148, 314, 164, 329, 119, 347, 327, 189, 334, 73, 282, 346, 106, 224, 228], [187, 116, 92, 35, 121, 65, 218, 47, 76, 251, 255, 33, 264, 54, 61, 0, 72, 72, 56, 66, 128, 300, 168, 65, 210, 61, 133, 226, 79, 24, 257, 216, 283, 104, 252, 123, 278, 77, 297, 264, 138, 284, 37, 240, 304, 65, 183, 177], [168, 56, 84, 90, 84, 103, 217, 101, 52, 232, 236, 88, 271, 44, 114, 72, 0, 19, 103, 31, 136, 307, 149, 52, 155, 60, 171, 208, 39, 72, 238, 162, 264, 67, 233, 63, 283, 40, 304, 246, 154, 291, 70, 180, 244, 37, 128, 194], [178, 54, 94, 90, 94, 113, 227, 102, 62, 242, 246, 88, 281, 45, 114, 72, 19, 0, 104, 42, 146, 317, 159, 62, 161, 57, 181, 218, 50, 74, 248, 168, 274, 77, 243, 66, 293, 51, 314, 256, 164, 301, 72, 183, 247, 41, 134, 204], [236, 146, 138, 81, 151, 111, 264, 93, 119, 299, 303, 79, 310, 84, 16, 56, 103, 104, 0, 96, 174, 346, 216, 111, 240, 92, 179, 275, 110, 38, 305, 246, 331, 134, 300, 153, 324, 108, 343, 313, 184, 330, 62, 270, 334, 95, 213, 223], [164, 74, 79, 84, 79, 98, 212, 97, 47, 228, 232, 82, 267, 38, 107, 66, 31, 42, 96, 0, 131, 302, 144, 50, 167, 59, 166, 204, 40, 67, 234, 174, 259, 63, 229, 84, 279, 38, 299, 241, 150, 286, 65, 201, 265, 15, 144, 189], [88, 156, 64, 120, 59, 104, 120, 115, 108, 152, 156, 125, 183, 146, 178, 128, 136, 146, 174, 131, 0, 215, 72, 92, 127, 166, 104, 130, 115, 142, 160, 165, 185, 87, 155, 159, 196, 119, 217, 166, 82, 199, 147, 231, 295, 137, 157, 99], [225, 337, 230, 292, 236, 276, 183, 287, 291, 193, 164, 297, 49, 317, 350, 300, 307, 317, 346, 302, 215, 0, 210, 263, 286, 337, 238, 186, 296, 314, 190, 324, 137, 268, 155, 340, 122, 300, 10, 192, 216, 35, 319, 390, 454, 308, 315, 140], [37, 166, 101, 160, 83, 157, 84, 169, 130, 98, 102, 169, 174, 160, 230, 168, 149, 159, 216, 144, 72, 210, 0, 114, 98, 179, 160, 75, 125, 186, 105, 135, 130, 97, 100, 163, 183, 129, 204, 111, 138, 185, 183, 201, 265, 150, 127, 86], [133, 94, 40, 58, 71, 68, 165, 66, 22, 197, 201, 65, 228, 61, 115, 65, 52, 62, 111, 50, 92, 263, 114, 0, 171, 83, 129, 172, 46, 76, 203, 181, 229, 58, 198, 103, 240, 37, 260, 211, 111, 247, 81, 223, 287, 54, 149, 150], [84, 160, 155, 210, 114, 215, 166, 218, 161, 137, 178, 220, 250, 183, 254, 210, 155, 161, 240, 167, 127, 286, 98, 171, 0, 203, 218, 149, 143, 209, 171, 59, 204, 119, 174, 148, 262, 152, 283, 185, 196, 264, 207, 166, 230, 174, 92, 165], [198, 90, 114, 79, 114, 108, 247, 91, 82, 262, 266, 77, 301, 26, 103, 61, 60, 57, 92, 59, 166, 337, 179, 83, 203, 0, 177, 238, 72, 62, 268, 209, 294, 97, 263, 115, 313, 70, 334, 276, 184, 321, 59, 233, 297, 57, 175, 223], [179, 213, 91, 125, 134, 109, 184, 121, 148, 233, 213, 131, 203, 170, 183, 133, 171, 181, 179, 166, 104, 238, 160, 129, 218, 177, 0, 201, 164, 147, 233, 253, 241, 159, 197, 222, 202, 156, 235, 240, 46, 217, 152, 320, 383, 172, 245, 114], [89, 225, 159, 218, 142, 216, 28, 227, 189, 68, 65, 228, 150, 219, 289, 226, 208, 218, 275, 204, 130, 186, 75, 172, 149, 238, 201, 0, 184, 245, 76, 188, 93, 156, 54, 216, 165, 188, 183, 83, 173, 164, 243, 254, 318, 210, 179, 98], [144, 78, 77, 86, 60, 96, 193, 94, 34, 208, 212, 93, 261, 52, 121, 79, 39, 50, 110, 40, 115, 296, 125, 46, 143, 72, 164, 184, 0, 78, 214, 150, 240, 43, 209, 85, 273, 21, 293, 222, 147, 280, 76, 191, 255, 43, 117, 176], [205, 115, 106, 49, 121, 79, 232, 61, 88, 269, 273, 47, 278, 54, 49, 24, 72, 74, 38, 67, 142, 314, 186, 76, 209, 62, 147, 245, 78, 0, 275, 216, 301, 104, 270, 123, 292, 77, 311, 282, 152, 297, 31, 240, 304, 65, 182, 191], [107, 255, 189, 249, 171, 246, 94, 258, 219, 53, 47, 258, 154, 249, 319, 257, 238, 248, 305, 234, 160, 190, 105, 203, 171, 268, 233, 76, 214, 275, 0, 217, 72, 186, 59, 245, 171, 218, 188, 31, 210, 165, 273, 283, 347, 239, 209, 132], [142, 167, 193, 220, 151, 231, 203, 228, 178, 189, 216, 230, 288, 190, 260, 216, 162, 168, 246, 174, 165, 324, 135, 181, 59, 209, 253, 188, 150, 216, 217, 0, 242, 149, 212, 151, 300, 159, 321, 223, 233, 302, 214, 159, 223, 181, 85, 203], [143, 281, 214, 275, 196, 272, 113, 284, 245, 96, 48, 284, 102, 275, 345, 283, 264, 274, 331, 259, 185, 137, 130, 229, 204, 294, 241, 93, 240, 301, 72, 242, 0, 212, 67, 271, 181, 244, 137, 77, 221, 112, 298, 309, 373, 265, 235, 143], [116, 84, 80, 97, 31, 108, 164, 105, 48, 180, 184, 107, 232, 78, 148, 104, 67, 77, 134, 63, 87, 268, 97, 58, 119, 97, 159, 156, 43, 104, 186, 149, 212, 0, 180, 86, 243, 47, 264, 191, 140, 246, 102, 190, 254, 69, 116, 147], [114, 250, 184, 244, 167, 236, 70, 247, 214, 66, 37, 257, 120, 244, 314, 252, 233, 243, 300, 229, 155, 155, 100, 198, 174, 263, 197, 54, 209, 270, 59, 212, 67, 180, 0, 240, 136, 213, 153, 67, 175, 135, 267, 278, 342, 234, 204, 97], [173, 36, 135, 141, 103, 154, 232, 152, 102, 240, 244, 139, 304, 95, 164, 123, 63, 66, 153, 84, 159, 340, 163, 103, 148, 115, 222, 216, 85, 123, 245, 151, 271, 86, 240, 0, 316, 91, 337, 253, 205, 324, 121, 138, 202, 88, 106, 220], [206, 313, 213, 270, 217, 254, 167, 266, 267, 178, 151, 276, 106, 294, 329, 278, 283, 293, 324, 279, 196, 122, 183, 240, 262, 313, 202, 165, 273, 292, 171, 300, 181, 243, 136, 316, 0, 276, 118, 179, 182, 113, 297, 366, 430, 285, 292, 118], [148, 83, 69, 78, 63, 87, 196, 86, 30, 212, 216, 85, 264, 50, 119, 77, 40, 51, 108, 38, 119, 300, 129, 37, 152, 70, 156, 188, 21, 77, 218, 159, 244, 47, 213, 91, 276, 0, 297, 225, 139, 284, 75, 200, 264, 42, 126, 178], [227, 334, 232, 289, 238, 273, 185, 284, 288, 195, 165, 294, 51, 314, 347, 297, 304, 314, 343, 299, 217, 10, 204, 260, 283, 334, 235, 183, 293, 311, 188, 321, 137, 264, 153, 337, 118, 297, 0, 195, 213, 37, 316, 387, 451, 305, 312, 137], [125, 262, 195, 256, 178, 254, 100, 265, 227, 72, 47, 266, 157, 256, 327, 264, 246, 256, 313, 241, 166, 192, 111, 211, 185, 276, 240, 83, 222, 282, 31, 223, 77, 191, 67, 253, 179, 225, 195, 0, 219, 169, 280, 291, 355, 247, 217, 140], [157, 197, 71, 130, 114, 115, 162, 126, 131, 206, 191, 136, 180, 165, 189, 138, 154, 164, 184, 150, 82, 216, 138, 111, 196, 184, 46, 173, 147, 152, 210, 233, 221, 140, 175, 205, 182, 139, 213, 219, 0, 193, 157, 299, 363, 156, 225, 90], [209, 321, 214, 276, 220, 260, 166, 271, 275, 177, 140, 281, 33, 301, 334, 284, 291, 301, 330, 286, 199, 35, 185, 247, 264, 321, 217, 164, 280, 297, 165, 302, 112, 246, 135, 324, 113, 284, 37, 169, 193, 0, 303, 374, 437, 292, 299, 124], [203, 113, 111, 55, 118, 84, 237, 67, 86, 267, 271, 53, 283, 52, 73, 37, 70, 72, 62, 65, 147, 319, 183, 81, 207, 59, 152, 243, 76, 31, 273, 214, 298, 102, 267, 121, 297, 75, 316, 280, 157, 303, 0, 239, 303, 64, 182, 197], [211, 161, 255, 264, 207, 273, 269, 272, 219, 278, 282, 256, 354, 213, 282, 240, 180, 183, 270, 201, 231, 390, 201, 223, 166, 233, 320, 254, 191, 240, 283, 159, 309, 190, 278, 138, 366, 200, 387, 291, 299, 374, 239, 0, 118, 206, 91, 269], [275, 225, 318, 328, 271, 337, 333, 336, 283, 341, 345, 320, 418, 277, 346, 304, 244, 247, 334, 265, 295, 454, 265, 287, 230, 297, 383, 318, 255, 304, 347, 223, 373, 254, 342, 202, 430, 264, 451, 355, 363, 437, 303, 118, 0, 270, 154, 333], [170, 80, 85, 83, 85, 104, 218, 95, 53, 234, 238, 81, 273, 37, 106, 65, 37, 41, 95, 15, 137, 308, 150, 54, 174, 57, 172, 210, 43, 65, 239, 181, 265, 69, 234, 88, 285, 42, 305, 247, 156, 292, 64, 206, 270, 0, 148, 195], [137, 133, 180, 189, 133, 199, 195, 198, 145, 203, 207, 197, 280, 155, 224, 183, 128, 134, 213, 144, 157, 315, 127, 149, 92, 175, 245, 179, 117, 182, 209, 85, 235, 116, 204, 106, 292, 126, 312, 217, 225, 299, 182, 91, 154, 148, 0, 195], [110, 217, 111, 169, 121, 154, 74, 165, 170, 128, 112, 175, 104, 204, 228, 177, 194, 204, 223, 189, 99, 140, 86, 150, 165, 223, 114, 98, 176, 191, 132, 203, 143, 147, 97, 220, 118, 178, 137, 140, 90, 124, 197, 269, 333, 195, 195, 0]];

const MILES = [[0, 177, 114, 168, 90, 170, 55, 171, 141, 46, 85, 159, 183, 170, 245, 178, 164, 173, 236, 159, 81, 216, 25, 126, 53, 186, 149, 75, 136, 204, 74, 96, 120, 107, 84, 148, 173, 140, 217, 91, 133, 198, 196, 208, 281, 158, 133, 94], [177, 0, 122, 126, 91, 143, 206, 132, 85, 241, 241, 118, 291, 80, 155, 112, 50, 42, 146, 68, 128, 324, 158, 88, 133, 71, 194, 213, 63, 114, 246, 159, 276, 76, 240, 20, 281, 72, 325, 248, 179, 307, 106, 122, 195, 68, 82, 201], [114, 122, 0, 71, 38, 58, 134, 59, 44, 178, 178, 63, 195, 83, 132, 81, 77, 86, 130, 72, 55, 228, 95, 35, 135, 98, 72, 138, 67, 95, 184, 182, 213, 57, 178, 127, 185, 58, 229, 185, 58, 210, 97, 254, 326, 71, 179, 105], [168, 126, 71, 0, 107, 25, 188, 15, 56, 232, 232, 18, 251, 54, 76, 25, 80, 79, 74, 63, 111, 284, 149, 45, 195, 68, 101, 192, 72, 39, 237, 212, 267, 91, 231, 130, 242, 63, 285, 239, 114, 267, 40, 258, 331, 66, 184, 162], [90, 91, 38, 107, 0, 123, 121, 112, 55, 154, 154, 98, 200, 85, 159, 116, 78, 87, 150, 73, 38, 233, 71, 51, 92, 100, 98, 126, 50, 119, 160, 139, 189, 22, 153, 92, 191, 54, 234, 160, 83, 216, 111, 189, 261, 73, 114, 111], [170, 143, 58, 25, 123, 0, 190, 13, 72, 234, 234, 50, 238, 88, 110, 59, 97, 106, 108, 92, 98, 271, 151, 61, 195, 102, 88, 194, 88, 73, 239, 228, 269, 107, 227, 148, 229, 79, 272, 241, 101, 254, 75, 274, 347, 92, 200, 149], [55, 206, 134, 188, 121, 190, 0, 191, 150, 59, 54, 179, 118, 199, 249, 198, 192, 201, 247, 187, 101, 151, 49, 146, 120, 214, 126, 12, 164, 212, 65, 167, 87, 136, 39, 181, 121, 168, 152, 66, 110, 133, 213, 241, 314, 187, 166, 39], [171, 132, 59, 15, 112, 13, 191, 0, 61, 235, 235, 22, 239, 63, 85, 33, 87, 88, 83, 82, 99, 272, 152, 50, 200, 76, 89, 195, 78, 48, 240, 218, 270, 96, 228, 138, 230, 68, 273, 242, 102, 255, 49, 264, 337, 75, 189, 150], [141, 85, 44, 56, 55, 72, 150, 61, 0, 205, 205, 47, 229, 45, 116, 65, 39, 48, 111, 34, 68, 262, 122, 10, 143, 61, 123, 177, 16, 79, 210, 166, 240, 39, 204, 90, 219, 15, 263, 212, 101, 245, 71, 212, 284, 33, 137, 148], [46, 241, 178, 232, 154, 234, 59, 235, 205, 0, 52, 223, 152, 234, 309, 242, 228, 237, 300, 223, 145, 185, 85, 190, 95, 250, 187, 50, 200, 268, 31, 130, 86, 171, 51, 211, 155, 204, 186, 48, 164, 168, 260, 272, 344, 222, 197, 98], [85, 241, 178, 232, 154, 234, 54, 235, 205, 52, 0, 224, 113, 235, 310, 242, 228, 237, 301, 223, 146, 146, 85, 190, 151, 250, 182, 43, 200, 269, 27, 198, 37, 172, 19, 212, 127, 204, 147, 20, 166, 113, 261, 272, 345, 223, 197, 98], [159, 118, 63, 18, 98, 50, 179, 22, 47, 223, 224, 0, 252, 46, 68, 17, 72, 72, 66, 55, 112, 285, 140, 36, 186, 60, 102, 184, 63, 31, 229, 204, 259, 82, 240, 123, 243, 54, 286, 230, 115, 268, 33, 227, 300, 59, 175, 162], [183, 291, 195, 251, 200, 238, 118, 239, 229, 152, 113, 252, 0, 273, 312, 261, 267, 276, 310, 261, 180, 36, 161, 225, 230, 288, 178, 135, 249, 275, 137, 277, 85, 221, 109, 291, 67, 254, 37, 131, 162, 19, 276, 351, 424, 261, 276, 96], [170, 80, 83, 54, 85, 88, 199, 63, 45, 234, 235, 46, 273, 0, 83, 40, 33, 33, 74, 16, 112, 306, 151, 49, 154, 16, 140, 206, 38, 42, 240, 180, 270, 69, 234, 84, 264, 32, 307, 241, 140, 289, 34, 189, 261, 20, 150, 187], [245, 155, 132, 76, 159, 110, 249, 85, 116, 309, 310, 68, 312, 83, 0, 55, 106, 106, 9, 89, 172, 345, 226, 105, 229, 94, 162, 281, 111, 42, 315, 255, 345, 143, 308, 157, 302, 105, 346, 316, 175, 328, 57, 262, 334, 93, 223, 222], [178, 112, 81, 25, 116, 59, 198, 33, 65, 242, 242, 17, 261, 40, 55, 0, 65, 65, 50, 48, 121, 294, 158, 54, 186, 53, 111, 202, 70, 18, 247, 212, 277, 100, 241, 116, 251, 64, 295, 248, 124, 276, 26, 221, 293, 52, 182, 171], [164, 50, 77, 80, 78, 97, 192, 87, 39, 228, 228, 72, 267, 33, 106, 65, 0, 12, 100, 22, 105, 300, 145, 42, 119, 36, 149, 200, 21, 68, 233, 145, 263, 62, 227, 55, 257, 26, 300, 234, 133, 282, 60, 159, 232, 22, 117, 181], [173, 42, 86, 79, 87, 106, 201, 88, 48, 237, 237, 72, 276, 33, 106, 65, 12, 0, 99, 32, 114, 309, 154, 52, 124, 33, 158, 209, 30, 67, 242, 150, 272, 71, 236, 53, 266, 35, 309, 243, 142, 291, 59, 157, 230, 27, 120, 190], [236, 146, 130, 74, 150, 108, 247, 83, 111, 300, 301, 66, 310, 74, 9, 50, 100, 99, 0, 82, 170, 343, 217, 103, 220, 87, 160, 272, 104, 35, 305, 246, 336, 134, 299, 150, 300, 98, 344, 307, 173, 325, 49, 255, 327, 86, 216, 220], [159, 68, 72, 63, 73, 92, 187, 82, 34, 223, 223, 55, 261, 16, 89, 48, 22, 32, 82, 0, 100, 295, 139, 38, 135, 32, 144, 195, 27, 50, 228, 161, 258, 57, 222, 73, 252, 21, 295, 229, 128, 277, 42, 178, 250, 5, 139, 176], [81, 128, 55, 111, 38, 98, 101, 99, 68, 145, 146, 112, 180, 112, 172, 121, 105, 114, 170, 100, 0, 213, 63, 64, 105, 127, 71, 106, 87, 135, 151, 152, 181, 58, 145, 128, 171, 91, 214, 152, 55, 196, 136, 226, 299, 100, 152, 92], [216, 324, 228, 284, 233, 271, 151, 272, 262, 185, 146, 285, 36, 306, 345, 294, 300, 309, 343, 295, 213, 0, 194, 258, 263, 321, 212, 168, 283, 308, 170, 310, 118, 254, 142, 324, 91, 287, 4, 164, 195, 24, 309, 384, 457, 294, 310, 129], [25, 158, 95, 149, 71, 151, 49, 152, 122, 85, 85, 140, 161, 151, 226, 158, 145, 154, 217, 139, 63, 194, 0, 106, 73, 166, 130, 57, 116, 185, 91, 120, 120, 88, 85, 134, 151, 120, 194, 92, 114, 176, 177, 194, 267, 139, 120, 71], [126, 88, 35, 45, 51, 61, 146, 50, 10, 190, 190, 36, 225, 49, 105, 54, 42, 52, 103, 38, 64, 258, 106, 0, 156, 65, 106, 150, 34, 69, 195, 174, 225, 52, 189, 93, 215, 24, 259, 196, 91, 240, 71, 220, 293, 37, 145, 139], [53, 133, 135, 195, 92, 195, 120, 200, 143, 95, 151, 186, 230, 154, 229, 186, 119, 124, 220, 135, 105, 263, 73, 156, 0, 169, 174, 122, 118, 188, 126, 43, 185, 79, 150, 102, 220, 123, 264, 157, 158, 245, 180, 150, 223, 142, 76, 141], [186, 71, 98, 68, 100, 102, 214, 76, 61, 250, 250, 60, 288, 16, 94, 53, 36, 33, 87, 32, 127, 321, 166, 65, 169, 0, 154, 222, 54, 56, 255, 195, 285, 84, 249, 100, 279, 48, 322, 256, 155, 304, 48, 204, 277, 35, 165, 203], [149, 194, 72, 101, 98, 88, 126, 89, 123, 187, 182, 102, 178, 140, 162, 111, 149, 158, 160, 144, 71, 212, 130, 106, 174, 154, 0, 145, 139, 125, 203, 221, 217, 119, 166, 199, 140, 130, 212, 204, 28, 193, 126, 295, 367, 143, 220, 88], [75, 213, 138, 192, 126, 194, 12, 195, 177, 50, 43, 184, 135, 206, 281, 202, 200, 209, 272, 195, 106, 168, 57, 150, 122, 222, 145, 0, 172, 240, 51, 170, 78, 143, 33, 183, 138, 176, 168, 52, 111, 150, 232, 244, 316, 194, 169, 51], [136, 63, 67, 72, 50, 88, 164, 78, 16, 200, 200, 63, 249, 38, 111, 70, 21, 30, 104, 27, 87, 283, 116, 34, 118, 54, 139, 172, 0, 74, 205, 144, 235, 34, 199, 67, 240, 9, 283, 206, 124, 265, 66, 189, 262, 28, 115, 160], [204, 114, 95, 39, 119, 73, 212, 48, 79, 268, 269, 31, 275, 42, 42, 18, 68, 67, 35, 50, 135, 308, 185, 69, 188, 56, 125, 240, 74, 0, 274, 214, 304, 102, 267, 118, 265, 66, 309, 275, 138, 291, 17, 222, 295, 53, 184, 185], [74, 246, 184, 237, 160, 239, 65, 240, 210, 31, 27, 229, 137, 240, 315, 247, 233, 242, 305, 228, 151, 170, 91, 195, 126, 255, 203, 51, 205, 274, 0, 203, 61, 177, 43, 216, 148, 209, 178, 13, 187, 137, 266, 277, 349, 228, 202, 119], [96, 159, 182, 212, 139, 228, 167, 218, 166, 130, 198, 204, 277, 180, 255, 212, 145, 150, 246, 161, 152, 310, 120, 174, 43, 195, 221, 170, 144, 214, 203, 0, 233, 110, 197, 114, 268, 149, 311, 204, 205, 292, 206, 147, 220, 168, 73, 188], [120, 276, 213, 267, 189, 269, 87, 270, 240, 86, 37, 259, 85, 270, 345, 277, 263, 272, 336, 258, 181, 118, 120, 225, 185, 285, 217, 78, 235, 304, 61, 233, 0, 207, 55, 247, 163, 239, 118, 56, 202, 85, 296, 307, 380, 258, 232, 134], [107, 76, 57, 91, 22, 107, 136, 96, 39, 171, 172, 82, 221, 69, 143, 100, 62, 71, 134, 57, 58, 254, 88, 52, 79, 84, 119, 143, 34, 102, 177, 110, 207, 0, 171, 76, 212, 38, 255, 178, 104, 237, 95, 174, 246, 57, 99, 132], [84, 240, 178, 231, 153, 227, 39, 228, 204, 51, 19, 240, 109, 234, 308, 241, 227, 236, 299, 222, 145, 142, 85, 189, 150, 249, 166, 33, 199, 267, 43, 197, 55, 171, 0, 210, 112, 203, 142, 46, 150, 124, 259, 271, 343, 221, 196, 83], [148, 20, 127, 130, 92, 148, 181, 138, 90, 211, 212, 123, 291, 84, 157, 116, 55, 53, 150, 73, 128, 324, 134, 93, 102, 100, 199, 183, 67, 118, 216, 114, 247, 76, 210, 0, 282, 76, 325, 218, 184, 307, 110, 112, 184, 72, 64, 201], [173, 281, 185, 242, 191, 229, 121, 230, 219, 155, 127, 243, 67, 264, 302, 251, 257, 266, 300, 252, 171, 91, 151, 215, 220, 279, 140, 138, 240, 265, 148, 268, 163, 212, 112, 282, 0, 244, 89, 150, 121, 76, 267, 342, 414, 252, 267, 86], [140, 72, 58, 63, 54, 79, 168, 68, 15, 204, 204, 54, 254, 32, 105, 64, 26, 35, 98, 21, 91, 287, 120, 24, 123, 48, 130, 176, 9, 66, 209, 149, 239, 38, 203, 76, 244, 0, 287, 210, 115, 269, 59, 194, 267, 21, 120, 162], [217, 325, 229, 285, 234, 272, 152, 273, 263, 186, 147, 286, 37, 307, 346, 295, 300, 309, 344, 295, 214, 4, 194, 259, 264, 322, 212, 168, 283, 309, 178, 311, 118, 255, 142, 325, 89, 287, 0, 165, 196, 25, 310, 385, 458, 295, 310, 130], [91, 248, 185, 239, 160, 241, 66, 242, 212, 48, 20, 230, 131, 241, 316, 248, 234, 243, 307, 229, 152, 164, 92, 196, 157, 256, 204, 52, 206, 275, 13, 204, 56, 178, 46, 218, 150, 210, 165, 0, 188, 132, 267, 278, 351, 229, 204, 121], [133, 179, 58, 114, 83, 101, 110, 102, 101, 164, 166, 115, 162, 140, 175, 124, 133, 142, 173, 128, 55, 195, 114, 91, 158, 155, 28, 111, 124, 138, 187, 205, 202, 104, 150, 184, 121, 115, 196, 188, 0, 174, 139, 278, 350, 128, 203, 69], [198, 307, 210, 267, 216, 254, 133, 255, 245, 168, 113, 268, 19, 289, 328, 276, 282, 291, 325, 277, 196, 24, 176, 240, 245, 304, 193, 150, 265, 291, 137, 292, 85, 237, 124, 307, 76, 269, 25, 132, 174, 0, 292, 367, 440, 277, 292, 112], [196, 106, 97, 40, 111, 75, 213, 49, 71, 260, 261, 33, 276, 34, 57, 26, 60, 59, 49, 42, 136, 309, 177, 71, 180, 48, 126, 232, 66, 17, 266, 206, 296, 95, 259, 110, 267, 59, 310, 267, 139, 292, 0, 214, 287, 45, 176, 187], [208, 122, 254, 258, 189, 274, 241, 264, 212, 272, 272, 227, 351, 189, 262, 221, 159, 157, 255, 178, 226, 384, 194, 220, 150, 204, 295, 244, 189, 222, 277, 147, 307, 174, 271, 112, 342, 194, 385, 278, 278, 367, 214, 0, 109, 178, 78, 261], [281, 195, 326, 331, 261, 347, 314, 337, 284, 344, 345, 300, 424, 261, 334, 293, 232, 230, 327, 250, 299, 457, 267, 293, 223, 277, 367, 316, 262, 295, 349, 220, 380, 246, 343, 184, 414, 267, 458, 351, 350, 440, 287, 109, 0, 250, 150, 334], [158, 68, 71, 66, 73, 92, 187, 75, 33, 222, 223, 59, 261, 20, 93, 52, 22, 27, 86, 5, 100, 294, 139, 37, 142, 35, 143, 194, 28, 53, 228, 168, 258, 57, 221, 72, 252, 21, 295, 229, 128, 277, 45, 178, 250, 0, 136, 175], [133, 82, 179, 184, 114, 200, 166, 189, 137, 197, 197, 175, 276, 150, 223, 182, 117, 120, 216, 139, 152, 310, 120, 145, 76, 165, 220, 169, 115, 184, 202, 73, 232, 99, 196, 64, 267, 120, 310, 204, 203, 292, 176, 78, 150, 136, 0, 187], [94, 201, 105, 162, 111, 149, 39, 150, 148, 98, 98, 162, 96, 187, 222, 171, 181, 190, 220, 176, 92, 129, 71, 139, 141, 203, 88, 51, 160, 185, 119, 188, 134, 132, 83, 201, 86, 162, 130, 121, 69, 112, 187, 261, 334, 175, 187, 0]];

// Map setup
const map = L.map('map', {
  zoomControl: false, attributionControl: false,
  scrollWheelZoom: false, doubleClickZoom: false,
  boxZoom: false, keyboard: false, dragging: false, touchZoom: false
});
L.tileLayer('https://{s}.basemaps.cartocdn.com/light_all/{z}/{x}/{y}{r}.png', {
  subdomains: 'abcd', maxZoom: 19
}).addTo(map);

const markers = [];
let selectedIdx = null;
let attractLoopActive = true;
let attractTimer = null;

// State
// Mode toggle: 'min' uses driving minutes (one-way), 'mi' uses miles (round-trip).
// We keep both caps in state so toggling preserves position via the slider.
let mode = 'min';
let capMinutesOneWay = 180;  // 6h round-trip / 2 = 180 min one-way (default)
let capMilesRound = 350;     // miles round-trip default (50–700mi range)

// Slider configs per mode — drives the input's min/max/step/value when toggled.
const SLIDER_CONFIG = {
  min: { min: 1,  max: 12,  step: 0.5, defaultVal: 6,   unit: 'h' },
  mi:  { min: 50, max: 700, step: 50,  defaultVal: 350, unit: 'mi' },
};

// Returns true if club j is reachable from selectedIdx under the current mode/cap.
function isReachable(i, j) {
  if (mode === 'min') return MINS[i][j] <= capMinutesOneWay;
  return MILES[i][j] * 2 <= capMilesRound;
}

// Click handler — picks a club
function selectClub(i) {
  attractLoopActive = false;
  if (attractTimer) clearTimeout(attractTimer);
  selectedIdx = i;
  updateMap();
  updateTitle();
}

// Recompute styling for every marker based on current state
function updateMap() {
  if (selectedIdx === null) return;
  CLUBS.forEach(([name, lat, lng], i) => {
    const m = markers[i];
    if (!m) return;
    if (i === selectedIdx) {
      m.setStyle({
        radius: 11, fillColor: '#9e0000', color: '#ffffff',
        weight: 2.5, fillOpacity: 1
      });
      m.bringToFront();
    } else {
      const reachable = isReachable(selectedIdx, i);
      if (reachable) {
        m.setStyle({
          radius: 8, fillColor: '#223b7c', color: '#ffffff',
          weight: 2, fillOpacity: 1
        });
      } else {
        m.setStyle({
          radius: 6, fillColor: '#c8cdd6', color: '#ffffff',
          weight: 1.5, fillOpacity: 0.85
        });
      }
    }
    // Tooltip shows both round-trip miles and time — same info either mode.
    const roundMin = MINS[selectedIdx][i] * 2;
    const roundH = Math.floor(roundMin / 60);
    const roundM = Math.round(roundMin % 60);
    const roundMi = MILES[selectedIdx][i] * 2;
    const tripStr = i === selectedIdx
      ? '<span class="trip">selected</span>'
      : `<span class="trip">${roundMi} mi · ${roundH}h ${String(roundM).padStart(2,'0')}m round-trip</span>`;
    m.setTooltipContent(`<strong>${name}</strong>${tripStr}`);
  });
}

// Update the title strip readout
function updateTitle() {
  const strip = document.getElementById('titleStrip');
  if (selectedIdx === null) return;  // attract loop is showing prompt
  const club = CLUBS[selectedIdx][0];
  // Count reachable opponents using the current-mode predicate
  let reachableCount = 0;
  for (let j = 0; j < CLUBS.length; j++) {
    if (j !== selectedIdx && isReachable(selectedIdx, j)) reachableCount++;
  }
  // Cap label changes by mode
  let capStr;
  if (mode === 'min') {
    const capH = (capMinutesOneWay * 2) / 60;
    capStr = capH % 1 === 0 ? `${capH}h` : `${Math.floor(capH)}h 30m`;
  } else {
    capStr = `${capMilesRound} mi`;
  }
  strip.classList.remove('prompt');
  strip.innerHTML = `
    <span class="club-name">${club}</span>
    <span class="verb">can reach</span>
    <span class="count">${reachableCount}</span>
    <span class="of">of 47 clubs</span>
    <span class="within">within ${capStr}<br>round-trip drive</span>
  `;
}

// Render all markers
CLUBS.forEach(([name, lat, lng], i) => {
  const m = L.circleMarker([lat, lng], {
    radius: 8, fillColor: '#5a6a82', color: '#ffffff',
    weight: 2, fillOpacity: 0.85
  }).addTo(map);
  m.bindTooltip(`<strong>${name}</strong>`, { direction: 'top', offset: [0, -8] });
  m.on('click', () => selectClub(i));
  // Also handle taps on tooltip (Leaflet sometimes prefers tooltip click on mobile)
  markers.push(m);
});

const bounds = L.latLngBounds(CLUBS.map(c => [c[1], c[2]]));
map.fitBounds(bounds, { padding: [40, 40] });

// Slider
const slider = document.getElementById('slider');
const sliderValue = document.getElementById('sliderValue');

// Updates the displayed value + the appropriate cap from the slider position.
function applySliderValue() {
  const v = parseFloat(slider.value);
  if (mode === 'min') {
    sliderValue.textContent = `${v}h`;
    capMinutesOneWay = (v / 2) * 60;  // round-trip hours -> one-way minutes
  } else {
    sliderValue.textContent = `${Math.round(v)}mi`;
    capMilesRound = v;
  }
  if (selectedIdx !== null) {
    updateMap();
    updateTitle();
  }
}

slider.addEventListener('input', applySliderValue);

// Mode toggle (MIN / MI)
document.getElementById('modeToggle').addEventListener('click', (e) => {
  const btn = e.target.closest('button[data-mode]');
  if (!btn) return;
  const newMode = btn.dataset.mode;
  if (newMode === mode) return;
  mode = newMode;
  // Reconfigure slider with the new mode's range/step/default value
  const cfg = SLIDER_CONFIG[mode];
