<!DOCTYPE html>
<html lang="en-GB">
<head>
<meta charset="UTF-8">
<meta name="viewport" content="width=device-width, initial-scale=1.0">
<title>Travel reach explorer</title>
<!--
====================================================================
EMBEDDABLE MAP — TRAVEL REACH EXPLORER (interactive)
====================================================================
v1.0 — Interactive embed that lets the reader pick any club and see
       who they can reach within a given round-trip drive time.
       Replaces the static Minimax embed with something exploratory.

DESIGN
- Title strip = live readout of current selection (Carbona 900 numbers)
- Map = all 48 clubs; selected = red dot, reachable = navy, out-of-range = grey
- Slider strip = 0.5h-increment range slider, 1h to 12h round-trip
- Explainer strip = static, explains the experiment + why a hard cap fails

INTERACTION
- Before first interaction: clubs pulse one-at-a-time in random sequence,
  title strip shows a prompt
- Tap any dot: that club becomes "selected", title strip updates to live
  reachability count, map recolours
- Drag slider: live recount, map recolours, no club deselected
====================================================================
-->
<link rel="stylesheet" href="https://unpkg.com/leaflet@1.9.4/dist/leaflet.css" />
<script src="https://unpkg.com/leaflet@1.9.4/dist/leaflet.js"></script>
<style>
  @font-face {
    font-family: "carbona-variable";
    src: url("https://use.typekit.net/af/184cf2/0000000000000000774c3175/31/l?primer=7cdcb44be4a7db8877ffa5c0007b8dd865b3bbc383831fe2ea177f62257a9191&fvd=n4&v=3") format("woff2"),
         url("https://use.typekit.net/af/184cf2/0000000000000000774c3175/31/d?primer=7cdcb44be4a7db8877ffa5c0007b8dd865b3bbc383831fe2ea177f62257a9191&fvd=n4&v=3") format("woff");
    font-display: swap;
    font-style: normal;
    font-weight: 200 900;
  }
  :root {
    --primary: #9e0000;
    --navy: #223b7c;
    --amber: #c96f15;
    --amber-light: #fef6ec;
    --white: #ffffff;
    --off-white: #f4f6f9;
    --text: #1a2a44;
    --text-muted: #5a6a82;
    --border: #dde3ed;
    --grey-dim: #c8cdd6;
    --font: 'carbona-variable','carbona',sans-serif;
  }
  * { box-sizing: border-box; margin: 0; padding: 0; }
  html, body { height: 100%; }
  body {
    font-family: var(--font);
    background: var(--off-white);
    color: var(--text);
    font-size: 14px;
    line-height: 1.4;
    -webkit-font-smoothing: antialiased;
    overflow: hidden;
  }
  .embed {
    display: grid;
    grid-template-rows: auto 1fr auto auto;
    height: 100vh;
    width: 100vw;
  }
  .title-strip {
    background: var(--white);
    border-bottom: 1px solid var(--border);
    padding: 14px 16px;
    min-height: 64px;
    display: flex;
    align-items: center;
    gap: 14px;
    flex-wrap: nowrap;
    overflow: hidden;
  }
  .title-strip.prompt {
    /* Initial state — single prompt line */
    justify-content: flex-start;
  }
  .title-strip .prompt-text {
    font-size: 16px;
    font-weight: 600;
    font-variation-settings: 'wght' 600;
    color: var(--text-muted);
  }
  .title-strip .prompt-text strong {
    color: var(--text);
    font-weight: 800;
    font-variation-settings: 'wght' 800;
  }
  .title-strip .club-name {
    font-size: 16px;
    font-weight: 800;
    font-variation-settings: 'wght' 800;
    color: var(--primary);
    text-transform: uppercase;
    letter-spacing: 0.5px;
    flex-shrink: 1;
    min-width: 0;
    overflow: hidden;
    text-overflow: ellipsis;
    white-space: nowrap;
  }
  .title-strip .verb {
    font-size: 14px;
    font-weight: 600;
    font-variation-settings: 'wght' 600;
    color: var(--text-muted);
    flex-shrink: 0;
    white-space: nowrap;
  }
  .title-strip .count {
    font-size: 28px;
    font-weight: 900;
    font-variation-settings: 'wght' 900;
    color: var(--text);
    line-height: 1;
    flex-shrink: 0;
    font-variant-numeric: tabular-nums;
    /* fixed minimum width so the layout doesn't reflow when number goes 1->47 */
    min-width: 2ch;
    text-align: right;
  }
  .title-strip .of {
    font-size: 13px;
    font-weight: 600;
    font-variation-settings: 'wght' 600;
    color: var(--text-muted);
    flex-shrink: 0;
    white-space: nowrap;
  }
  .title-strip .within {
    font-size: 13px;
    font-weight: 600;
    font-variation-settings: 'wght' 600;
    color: var(--text-muted);
    line-height: 1.3;
    flex-shrink: 0;
    font-variant-numeric: tabular-nums;
    /* fixed width to fit "within 11h 30m round-trip drive" without reflowing for "within 6h" */
    min-width: 9.5em;
    white-space: nowrap;
  }

  /* Mobile: stack title strip into two rows.
     Row 1: CLUB NAME full width
     Row 2: "can reach 6 of 47 within Xh round-trip drive" */
  @media (max-width: 520px) {
    .title-strip {
      flex-wrap: wrap;
      row-gap: 4px;
      column-gap: 8px;
      padding: 12px 14px;
      min-height: 0;
    }
    .title-strip .club-name {
      flex-basis: 100%;
      font-size: 14px;
      letter-spacing: 0.4px;
    }
    .title-strip .verb {
      font-size: 13px;
    }
    .title-strip .count {
      font-size: 22px;
    }
    .title-strip .of {
      font-size: 12px;
    }
    .title-strip .within {
      font-size: 12px;
      min-width: 0;
      white-space: normal;
      line-height: 1.2;
    }
    /* Hide the explicit <br> in the within span on mobile so the line wraps naturally */
    .title-strip .within br {
      display: none;
    }
  }
  #map {
    width: 100%;
    height: 100%;
    background: var(--off-white);
  }
  .slider-strip {
    background: var(--white);
    border-top: 1px solid var(--border);
    padding: 14px 16px;
    display: flex;
    align-items: center;
    gap: 14px;
  }
  .slider-strip .slider-label {
    font-size: 10px;
    font-weight: 800;
    font-variation-settings: 'wght' 800;
    text-transform: uppercase;
    letter-spacing: 0.8px;
    color: var(--text-muted);
    flex-shrink: 0;
    line-height: 1.2;
  }
  .slider-strip .slider-wrap {
    flex: 1;
    display: flex;
    align-items: center;
  }
  .slider-strip input[type="range"] {
    flex: 1;
    height: 8px;
    -webkit-appearance: none;
    appearance: none;
    background: var(--border);
    border-radius: 4px;
    outline: none;
  }
  .slider-strip input[type="range"]::-webkit-slider-thumb {
    -webkit-appearance: none;
    appearance: none;
    width: 22px;
    height: 22px;
    border-radius: 50%;
    background: var(--primary);
    cursor: grab;
    border: 3px solid var(--white);
    box-shadow: 0 2px 6px rgba(10, 22, 40, 0.25);
  }
  .slider-strip input[type="range"]::-webkit-slider-thumb:active { cursor: grabbing; }
  .slider-strip input[type="range"]::-moz-range-thumb {
    width: 22px;
    height: 22px;
    border-radius: 50%;
    background: var(--primary);
    cursor: grab;
    border: 3px solid var(--white);
    box-shadow: 0 2px 6px rgba(10, 22, 40, 0.25);
  }
  .slider-strip .slider-value {
    font-size: 18px;
    font-weight: 900;
    font-variation-settings: 'wght' 900;
    color: var(--text);
    min-width: 60px;
    text-align: right;
    flex-shrink: 0;
  }
  .explainer-strip {
    background: var(--amber-light);
    border-top: 1px solid var(--border);
    padding: 12px 16px 14px;
    font-size: 13px;
    line-height: 1.45;
    color: var(--text);
    font-weight: 500;
    font-variation-settings: 'wght' 500;
  }
  .explainer-strip strong {
    color: var(--primary);
    font-weight: 800;
    font-variation-settings: 'wght' 800;
  }
  .leaflet-tooltip {
    background: var(--white) !important;
    border: 1px solid var(--border) !important;
    color: var(--text) !important;
    font-family: var(--font) !important;
    font-size: 13px !important;
    font-weight: 600 !important;
    font-variation-settings: 'wght' 600 !important;
    border-radius: 6px !important;
    padding: 6px 10px !important;
    box-shadow: 0 2px 12px rgba(10, 22, 40, 0.10) !important;
  }
  .leaflet-tooltip strong { font-weight: 800; font-variation-settings: 'wght' 800; color: var(--text); }
  .leaflet-tooltip .trip {
    color: var(--text-muted);
    font-weight: 600;
    font-variation-settings: 'wght' 600;
    display: block;
    margin-top: 2px;
  }
  .leaflet-tooltip-top:before { border-top-color: var(--border) !important; }
  .leaflet-control-attribution { display: none !important; }
  .leaflet-control-zoom { display: none !important; }
</style>
</head>
<body>
<div class="embed">
  <div class="title-strip prompt" id="titleStrip">
    <span class="prompt-text"><strong>Tap any club on the map</strong> to see who they can reach in a day.</span>
  </div>
  <div id="map"></div>
  <div class="slider-strip">
    <span class="slider-label">Round-trip<br>drive cap</span>
    <div class="slider-wrap">
      <input type="range" id="slider" min="1" max="12" step="0.5" value="6">
    </div>
    <span class="slider-value" id="sliderValue">6h</span>
  </div>
  <div class="explainer-strip">
    A natural-sounding fix is to <strong>cap how long any single trip can take</strong>. Try it: tap Truro and drop the slider to a sensible limit — 6 hours round-trip, say, which is a three-hour drive each way. The map greys out. Push to 8 hours: still only 5 reachable. Truro can't fill a 24-club division until the cap reaches <strong>over 10 hours of round-trip driving</strong>. A hard cap isn't a method of planning a split — it's an impossibility. The geography is what the geography is.
  </div>
</div>

<script>
const CLUBS = [
  ["AFC Telford United", 52.6974, -2.5014],
  ["AFC Totton", 50.9342, -1.5099],
  ["Bedford Town", 52.1288, -0.4138],
  ["Billericay Town", 51.6218, 0.4033],
  ["Brackley Town", 52.0246, -1.1440],
  ["Braintree Town", 51.8753, 0.5730],
  ["Buxton", 53.2566, -1.9066],
  ["Chelmsford City", 51.7532, 0.4515],
  ["Chesham United", 51.6989, -0.6140],
  ["Chester", 53.1892, -2.9235],
  ["Chorley", 53.6456, -2.6292],
  ["Dagenham & Redbridge", 51.5478, 0.1599],
  ["Darlington", 54.5094, -1.5642],
  ["Dorking Wanderers", 51.2344, -0.3335],
  ["Dover Athletic", 51.1378, 1.2849],
  ["Ebbsfleet United", 51.4496, 0.3223],
  ["Farnborough", 51.3104, -0.7623],
  ["Farnham Town", 51.2115, -0.8063],
  ["Folkestone Invicta", 51.0865, 1.1595],
  ["Hampton & Richmond Borough", 51.4152, -0.3632],
  ["Harborough Town", 52.4648, -0.9186],
  ["Hebburn Town", 54.9686, -1.5240],
  ["Hednesford Town", 52.6976, -1.9888],
  ["Hemel Hempstead Town", 51.7539, -0.4444],
  ["Hereford", 52.0607, -2.7177],
  ["Horsham", 51.0469, -0.3407],
  ["King's Lynn Town", 52.7501, 0.4074],
  ["Macclesfield", 53.2428, -2.1271],
  ["Maidenhead United", 51.5199, -0.7180],
  ["Maidstone United", 51.2800, 0.5161],
  ["Marine", 53.4852, -3.0336],
  ["Merthyr Town", 51.7513, -3.3777],
  ["Morecambe", 54.0615, -2.8672],
  ["Oxford City", 51.7739, -1.2277],
  ["Radcliffe", 53.5676, -2.3407],
  ["Salisbury", 51.1043, -1.7857],
  ["Scarborough Athletic", 54.2689, -0.4135],
  ["Slough Town", 51.5199, -0.5883],
  ["South Shields", 54.9745, -1.4701],
  ["Southport", 53.6381, -2.9788],
  ["Spalding United", 52.7901, -0.1525],
  ["Spennymoor Town", 54.7045, -1.5992],
  ["Tonbridge Angels", 51.2115, 0.2691],
  ["Torquay United", 50.4764, -3.5238],
  ["Truro City", 50.2677, -5.1235],
  ["Walton & Hersham", 51.3991, -0.4097],
  ["Weston-super-Mare", 51.3307, -2.9561],
  ["Worksop Town", 53.3116, -1.1314],
];
const N = CLUBS.length;

const MINS = [[0, 185, 119, 179, 100, 176, 102, 188, 149, 74, 115, 188, 190, 179, 249, 187, 168, 178, 236, 164, 88, 225, 37, 133, 84, 198, 179, 89, 144, 205, 107, 142, 143, 116, 114, 173, 206, 148, 227, 125, 157, 209, 203, 211, 275, 170, 137, 110], [185, 0, 126, 133, 100, 144, 233, 141, 94, 249, 253, 131, 301, 89, 159, 116, 56, 54, 146, 74, 156, 337, 166, 94, 160, 90, 213, 225, 78, 115, 255, 167, 281, 84, 250, 36, 313, 83, 334, 262, 197, 321, 113, 161, 225, 80, 133, 217], [119, 126, 0, 84, 57, 81, 151, 92, 60, 181, 186, 94, 195, 95, 142, 92, 84, 94, 138, 79, 64, 230, 101, 40, 155, 114, 91, 159, 77, 106, 189, 193, 214, 80, 184, 135, 213, 69, 232, 195, 71, 214, 111, 255, 318, 85, 180, 111], [179, 133, 84, 0, 113, 44, 210, 29, 70, 243, 247, 37, 256, 73, 86, 35, 90, 90, 81, 84, 120, 292, 160, 58, 210, 79, 125, 218, 86, 49, 249, 220, 275, 97, 244, 141, 270, 78, 289, 256, 130, 276, 55, 264, 328, 83, 189, 169], [100, 100, 57, 113, 0, 124, 143, 122, 65, 163, 168, 123, 201, 94, 165, 121, 84, 94, 151, 79, 59, 236, 83, 71, 114, 114, 134, 142, 60, 121, 171, 151, 196, 31, 167, 103, 217, 63, 238, 178, 114, 220, 118, 207, 271, 85, 133, 121], [176, 144, 81, 44, 124, 0, 208, 26, 80, 241, 245, 62, 241, 102, 115, 65, 103, 113, 111, 98, 104, 276, 157, 68, 215, 108, 109, 216, 96, 79, 246, 231, 272, 108, 236, 154, 254, 87, 273, 254, 115, 260, 84, 273, 337, 104, 199, 154], [102, 233, 151, 210, 143, 208, 0, 220, 192, 85, 82, 220, 147, 227, 269, 218, 217, 227, 264, 212, 120, 183, 84, 165, 166, 247, 184, 28, 193, 232, 94, 203, 113, 164, 70, 232, 167, 196, 185, 100, 162, 166, 237, 269, 333, 218, 195, 74], [188, 141, 92, 29, 122, 26, 220, 0, 78, 252, 256, 50, 252, 85, 98, 47, 101, 102, 93, 97, 115, 287, 169, 66, 218, 91, 121, 227, 94, 61, 258, 228, 284, 105, 247, 152, 266, 86, 284, 265, 126, 271, 67, 272, 336, 95, 198, 165], [149, 94, 60, 70, 65, 80, 192, 78, 0, 213, 217, 78, 255, 62, 127, 76, 52, 62, 119, 47, 108, 291, 130, 22, 161, 82, 148, 189, 34, 88, 219, 178, 245, 48, 214, 102, 267, 30, 288, 227, 131, 275, 86, 219, 283, 53, 145, 170], [74, 249, 181, 243, 163, 241, 85, 252, 213, 0, 68, 253, 158, 243, 313, 251, 232, 242, 299, 228, 152, 193, 98, 197, 137, 262, 233, 68, 208, 269, 53, 189, 96, 180, 66, 240, 178, 212, 195, 72, 206, 177, 267, 278, 341, 234, 203, 128], [115, 253, 186, 247, 168, 245, 82, 256, 217, 68, 0, 257, 128, 247, 317, 255, 236, 246, 303, 232, 156, 164, 102, 201, 178, 266, 213, 65, 212, 273, 47, 216, 48, 184, 37, 244, 151, 216, 165, 47, 191, 140, 271, 282, 345, 238, 207, 112], [188, 131, 94, 37, 123, 62, 220, 50, 78, 253, 257, 0, 262, 71, 84, 33, 88, 88, 79, 82, 125, 297, 169, 65, 220, 77, 131, 228, 93, 47, 258, 230, 284, 107, 257, 139, 276, 85, 294, 266, 136, 281, 53, 256, 320, 81, 197, 175], [190, 301, 195, 256, 201, 241, 147, 252, 255, 158, 128, 262, 0, 282, 315, 264, 271, 281, 310, 267, 183, 49, 174, 228, 250, 301, 203, 150, 261, 278, 154, 288, 102, 232, 120, 304, 106, 264, 51, 157, 180, 33, 283, 354, 418, 273, 280, 104], [179, 89, 95, 73, 94, 102, 227, 85, 62, 243, 247, 71, 282, 0, 98, 54, 44, 45, 84, 38, 146, 317, 160, 61, 183, 26, 170, 219, 52, 54, 249, 190, 275, 78, 244, 95, 294, 50, 314, 256, 165, 301, 52, 213, 277, 37, 155, 204], [249, 159, 142, 86, 165, 115, 269, 98, 127, 313, 317, 84, 315, 98, 0, 61, 114, 114, 16, 107, 178, 350, 230, 115, 254, 103, 183, 289, 121, 49, 319, 260, 345, 148, 314, 164, 329, 119, 347, 327, 189, 334, 73, 282, 346, 106, 224, 228], [187, 116, 92, 35, 121, 65, 218, 47, 76, 251, 255, 33, 264, 54, 61, 0, 72, 72, 56, 66, 128, 300, 168, 65, 210, 61, 133, 226, 79, 24, 257, 216, 283, 104, 252, 123, 278, 77, 297, 264, 138, 284, 37, 240, 304, 65, 183, 177], [168, 56, 84, 90, 84, 103, 217, 101, 52, 232, 236, 88, 271, 44, 114, 72, 0, 19, 103, 31, 136, 307, 149, 52, 155, 60, 171, 208, 39, 72, 238, 162, 264, 67, 233, 63, 283, 40, 304, 246, 154, 291, 70, 180, 244, 37, 128, 194], [178, 54, 94, 90, 94, 113, 227, 102, 62, 242, 246, 88, 281, 45, 114, 72, 19, 0, 104, 42, 146, 317, 159, 62, 161, 57, 181, 218, 50, 74, 248, 168, 274, 77, 243, 66, 293, 51, 314, 256, 164, 301, 72, 183, 247, 41, 134, 204], [236, 146, 138, 81, 151, 111, 264, 93, 119, 299, 303, 79, 310, 84, 16, 56, 103, 104, 0, 96, 174, 346, 216, 111, 240, 92, 179, 275, 110, 38, 305, 246, 331, 134, 300, 153, 324, 108, 343, 313, 184, 330, 62, 270, 334, 95, 213, 223], [164, 74, 79, 84, 79, 98, 212, 97, 47, 228, 232, 82, 267, 38, 107, 66, 31, 42, 96, 0, 131, 302, 144, 50, 167, 59, 166, 204, 40, 67, 234, 174, 259, 63, 229, 84, 279, 38, 299, 241, 150, 286, 65, 201, 265, 15, 144, 189], [88, 156, 64, 120, 59, 104, 120, 115, 108, 152, 156, 125, 183, 146, 178, 128, 136, 146, 174, 131, 0, 215, 72, 92, 127, 166, 104, 130, 115, 142, 160, 165, 185, 87, 155, 159, 196, 119, 217, 166, 82, 199, 147, 231, 295, 137, 157, 99], [225, 337, 230, 292, 236, 276, 183, 287, 291, 193, 164, 297, 49, 317, 350, 300, 307, 317, 346, 302, 215, 0, 210, 263, 286, 337, 238, 186, 296, 314, 190, 324, 137, 268, 155, 340, 122, 300, 10, 192, 216, 35, 319, 390, 454, 308, 315, 140], [37, 166, 101, 160, 83, 157, 84, 169, 130, 98, 102, 169, 174, 160, 230, 168, 149, 159, 216, 144, 72, 210, 0, 114, 98, 179, 160, 75, 125, 186, 105, 135, 130, 97, 100, 163, 183, 129, 204, 111, 138, 185, 183, 201, 265, 150, 127, 86], [133, 94, 40, 58, 71, 68, 165, 66, 22, 197, 201, 65, 228, 61, 115, 65, 52, 62, 111, 50, 92, 263, 114, 0, 171, 83, 129, 172, 46, 76, 203, 181, 229, 58, 198, 103, 240, 37, 260, 211, 111, 247, 81, 223, 287, 54, 149, 150], [84, 160, 155, 210, 114, 215, 166, 218, 161, 137, 178, 220, 250, 183, 254, 210, 155, 161, 240, 167, 127, 286, 98, 171, 0, 203, 218, 149, 143, 209, 171, 59, 204, 119, 174, 148, 262, 152, 283, 185, 196, 264, 207, 166, 230, 174, 92, 165], [198, 90, 114, 79, 114, 108, 247, 91, 82, 262, 266, 77, 301, 26, 103, 61, 60, 57, 92, 59, 166, 337, 179, 83, 203, 0, 177, 238, 72, 62, 268, 209, 294, 97, 263, 115, 313, 70, 334, 276, 184, 321, 59, 233, 297, 57, 175, 223], [179, 213, 91, 125, 134, 109, 184, 121, 148, 233, 213, 131, 203, 170, 183, 133, 171, 181, 179, 166, 104, 238, 160, 129, 218, 177, 0, 201, 164, 147, 233, 253, 241, 159, 197, 222, 202, 156, 235, 240, 46, 217, 152, 320, 383, 172, 245, 114], [89, 225, 159, 218, 142, 216, 28, 227, 189, 68, 65, 228, 150, 219, 289, 226, 208, 218, 275, 204, 130, 186, 75, 172, 149, 238, 201, 0, 184, 245, 76, 188, 93, 156, 54, 216, 165, 188, 183, 83, 173, 164, 243, 254, 318, 210, 179, 98], [144, 78, 77, 86, 60, 96, 193, 94, 34, 208, 212, 93, 261, 52, 121, 79, 39, 50, 110, 40, 115, 296, 125, 46, 143, 72, 164, 184, 0, 78, 214, 150, 240, 43, 209, 85, 273, 21, 293, 222, 147, 280, 76, 191, 255, 43, 117, 176], [205, 115, 106, 49, 121, 79, 232, 61, 88, 269, 273, 47, 278, 54, 49, 24, 72, 74, 38, 67, 142, 314, 186, 76, 209, 62, 147, 245, 78, 0, 275, 216, 301, 104, 270, 123, 292, 77, 311, 282, 152, 297, 31, 240, 304, 65, 182, 191], [107, 255, 189, 249, 171, 246, 94, 258, 219, 53, 47, 258, 154, 249, 319, 257, 238, 248, 305, 234, 160, 190, 105, 203, 171, 268, 233, 76, 214, 275, 0, 217, 72, 186, 59, 245, 171, 218, 188, 31, 210, 165, 273, 283, 347, 239, 209, 132], [142, 167, 193, 220, 151, 231, 203, 228, 178, 189, 216, 230, 288, 190, 260, 216, 162, 168, 246, 174, 165, 324, 135, 181, 59, 209, 253, 188, 150, 216, 217, 0, 242, 149, 212, 151, 300, 159, 321, 223, 233, 302, 214, 159, 223, 181, 85, 203], [143, 281, 214, 275, 196, 272, 113, 284, 245, 96, 48, 284, 102, 275, 345, 283, 264, 274, 331, 259, 185, 137, 130, 229, 204, 294, 241, 93, 240, 301, 72, 242, 0, 212, 67, 271, 181, 244, 137, 77, 221, 112, 298, 309, 373, 265, 235, 143], [116, 84, 80, 97, 31, 108, 164, 105, 48, 180, 184, 107, 232, 78, 148, 104, 67, 77, 134, 63, 87, 268, 97, 58, 119, 97, 159, 156, 43, 104, 186, 149, 212, 0, 180, 86, 243, 47, 264, 191, 140, 246, 102, 190, 254, 69, 116, 147], [114, 250, 184, 244, 167, 236, 70, 247, 214, 66, 37, 257, 120, 244, 314, 252, 233, 243, 300, 229, 155, 155, 100, 198, 174, 263, 197, 54, 209, 270, 59, 212, 67, 180, 0, 240, 136, 213, 153, 67, 175, 135, 267, 278, 342, 234, 204, 97], [173, 36, 135, 141, 103, 154, 232, 152, 102, 240, 244, 139, 304, 95, 164, 123, 63, 66, 153, 84, 159, 340, 163, 103, 148, 115, 222, 216, 85, 123, 245, 151, 271, 86, 240, 0, 316, 91, 337, 253, 205, 324, 121, 138, 202, 88, 106, 220], [206, 313, 213, 270, 217, 254, 167, 266, 267, 178, 151, 276, 106, 294, 329, 278, 283, 293, 324, 279, 196, 122, 183, 240, 262, 313, 202, 165, 273, 292, 171, 300, 181, 243, 136, 316, 0, 276, 118, 179, 182, 113, 297, 366, 430, 285, 292, 118], [148, 83, 69, 78, 63, 87, 196, 86, 30, 212, 216, 85, 264, 50, 119, 77, 40, 51, 108, 38, 119, 300, 129, 37, 152, 70, 156, 188, 21, 77, 218, 159, 244, 47, 213, 91, 276, 0, 297, 225, 139, 284, 75, 200, 264, 42, 126, 178], [227, 334, 232, 289, 238, 273, 185, 284, 288, 195, 165, 294, 51, 314, 347, 297, 304, 314, 343, 299, 217, 10, 204, 260, 283, 334, 235, 183, 293, 311, 188, 321, 137, 264, 153, 337, 118, 297, 0, 195, 213, 37, 316, 387, 451, 305, 312, 137], [125, 262, 195, 256, 178, 254, 100, 265, 227, 72, 47, 266, 157, 256, 327, 264, 246, 256, 313, 241, 166, 192, 111, 211, 185, 276, 240, 83, 222, 282, 31, 223, 77, 191, 67, 253, 179, 225, 195, 0, 219, 169, 280, 291, 355, 247, 217, 140], [157, 197, 71, 130, 114, 115, 162, 126, 131, 206, 191, 136, 180, 165, 189, 138, 154, 164, 184, 150, 82, 216, 138, 111, 196, 184, 46, 173, 147, 152, 210, 233, 221, 140, 175, 205, 182, 139, 213, 219, 0, 193, 157, 299, 363, 156, 225, 90], [209, 321, 214, 276, 220, 260, 166, 271, 275, 177, 140, 281, 33, 301, 334, 284, 291, 301, 330, 286, 199, 35, 185, 247, 264, 321, 217, 164, 280, 297, 165, 302, 112, 246, 135, 324, 113, 284, 37, 169, 193, 0, 303, 374, 437, 292, 299, 124], [203, 113, 111, 55, 118, 84, 237, 67, 86, 267, 271, 53, 283, 52, 73, 37, 70, 72, 62, 65, 147, 319, 183, 81, 207, 59, 152, 243, 76, 31, 273, 214, 298, 102, 267, 121, 297, 75, 316, 280, 157, 303, 0, 239, 303, 64, 182, 197], [211, 161, 255, 264, 207, 273, 269, 272, 219, 278, 282, 256, 354, 213, 282, 240, 180, 183, 270, 201, 231, 390, 201, 223, 166, 233, 320, 254, 191, 240, 283, 159, 309, 190, 278, 138, 366, 200, 387, 291, 299, 374, 239, 0, 118, 206, 91, 269], [275, 225, 318, 328, 271, 337, 333, 336, 283, 341, 345, 320, 418, 277, 346, 304, 244, 247, 334, 265, 295, 454, 265, 287, 230, 297, 383, 318, 255, 304, 347, 223, 373, 254, 342, 202, 430, 264, 451, 355, 363, 437, 303, 118, 0, 270, 154, 333], [170, 80, 85, 83, 85, 104, 218, 95, 53, 234, 238, 81, 273, 37, 106, 65, 37, 41, 95, 15, 137, 308, 150, 54, 174, 57, 172, 210, 43, 65, 239, 181, 265, 69, 234, 88, 285, 42, 305, 247, 156, 292, 64, 206, 270, 0, 148, 195], [137, 133, 180, 189, 133, 199, 195, 198, 145, 203, 207, 197, 280, 155, 224, 183, 128, 134, 213, 144, 157, 315, 127, 149, 92, 175, 245, 179, 117, 182, 209, 85, 235, 116, 204, 106, 292, 126, 312, 217, 225, 299, 182, 91, 154, 148, 0, 195], [110, 217, 111, 169, 121, 154, 74, 165, 170, 128, 112, 175, 104, 204, 228, 177, 194, 204, 223, 189, 99, 140, 86, 150, 165, 223, 114, 98, 176, 191, 132, 203, 143, 147, 97, 220, 118, 178, 137, 140, 90, 124, 197, 269, 333, 195, 195, 0]];

// Map setup
const map = L.map('map', {
  zoomControl: false, attributionControl: false,
  scrollWheelZoom: false, doubleClickZoom: false,
  boxZoom: false, keyboard: false, dragging: false, touchZoom: false
});
L.tileLayer('https://{s}.basemaps.cartocdn.com/light_all/{z}/{x}/{y}{r}.png', {
  subdomains: 'abcd', maxZoom: 19
}).addTo(map);

const markers = [];
let selectedIdx = null;
let attractLoopActive = true;
let attractTimer = null;

// State
let capMinutesOneWay = 180;  // 6h round-trip / 2 = 180 min one-way (default)

// Click handler — picks a club
function selectClub(i) {
  attractLoopActive = false;
  if (attractTimer) clearTimeout(attractTimer);
  selectedIdx = i;
  updateMap();
  updateTitle();
}

// Recompute styling for every marker based on current state
function updateMap() {
  if (selectedIdx === null) return;
  CLUBS.forEach(([name, lat, lng], i) => {
    const m = markers[i];
    if (!m) return;
    if (i === selectedIdx) {
      m.setStyle({
        radius: 11, fillColor: '#9e0000', color: '#ffffff',
        weight: 2.5, fillOpacity: 1
      });
      m.bringToFront();
    } else {
      const reachable = MINS[selectedIdx][i] <= capMinutesOneWay;
      if (reachable) {
        m.setStyle({
          radius: 8, fillColor: '#223b7c', color: '#ffffff',
          weight: 2, fillOpacity: 1
        });
      } else {
        m.setStyle({
          radius: 6, fillColor: '#c8cdd6', color: '#ffffff',
          weight: 1.5, fillOpacity: 0.85
        });
      }
    }
    // Update tooltip per-club to reflect current state
    const roundMin = MINS[selectedIdx][i] * 2;
    const roundH = Math.floor(roundMin / 60);
    const roundM = Math.round(roundMin % 60);
    const tripStr = i === selectedIdx
      ? '<span class="trip">selected</span>'
      : `<span class="trip">${roundH}h ${String(roundM).padStart(2,'0')}m round-trip</span>`;
    m.setTooltipContent(`<strong>${name}</strong>${tripStr}`);
  });
}

// Update the title strip readout
function updateTitle() {
  const strip = document.getElementById('titleStrip');
  if (selectedIdx === null) return;  // attract loop is showing prompt
  const club = CLUBS[selectedIdx][0];
  const cap = capMinutesOneWay;
  const reachableCount = MINS[selectedIdx].filter((d, j) => j !== selectedIdx && d <= cap).length;
  const capH = (cap * 2) / 60;
  const capStr = capH % 1 === 0 ? `${capH}h` : `${Math.floor(capH)}h 30m`;
  strip.classList.remove('prompt');
  strip.innerHTML = `
    <span class="club-name">${club}</span>
    <span class="verb">can reach</span>
    <span class="count">${reachableCount}</span>
    <span class="of">of 47 clubs</span>
    <span class="within">within ${capStr}<br>round-trip drive</span>
  `;
}

// Render all markers
CLUBS.forEach(([name, lat, lng], i) => {
  const m = L.circleMarker([lat, lng], {
    radius: 8, fillColor: '#5a6a82', color: '#ffffff',
    weight: 2, fillOpacity: 0.85
  }).addTo(map);
  m.bindTooltip(`<strong>${name}</strong>`, { direction: 'top', offset: [0, -8] });
  m.on('click', () => selectClub(i));
  // Also handle taps on tooltip (Leaflet sometimes prefers tooltip click on mobile)
  markers.push(m);
});

const bounds = L.latLngBounds(CLUBS.map(c => [c[1], c[2]]));
map.fitBounds(bounds, { padding: [40, 40] });

// Slider
const slider = document.getElementById('slider');
const sliderValue = document.getElementById('sliderValue');
slider.addEventListener('input', () => {
  const v = parseFloat(slider.value);
  sliderValue.textContent = `${v}h`;
  capMinutesOneWay = (v / 2) * 60;  // round-trip hours -> one-way minutes
  if (selectedIdx !== null) {
    updateMap();
    updateTitle();
  }
});

// Attract loop — pulse random clubs until user interacts
function pulseRandom() {
  if (!attractLoopActive) return;
  const i = Math.floor(Math.random() * N);
  const m = markers[i];
  // Pulse by temporarily expanding the radius, then restoring
  m.setStyle({ radius: 14 });
  setTimeout(() => {
    if (!attractLoopActive || selectedIdx === i) return;
    m.setStyle({ radius: 8 });
  }, 700);
  attractTimer = setTimeout(pulseRandom, 600 + Math.random() * 400);
}

// Kick off attract loop after a short delay so map renders first
setTimeout(pulseRandom, 800);

// Also stop attract loop if user interacts with slider before tapping
slider.addEventListener('input', () => {
  attractLoopActive = false;
  if (attractTimer) clearTimeout(attractTimer);
}, { once: true });
</script>
</body>
</html>
